random_rules[tensor([ 0.5215,  0.0443,  0.1257,  0.9695]), tensor([ 0.9807,  0.1302,  0.2512,  0.5762,  0.7488,  0.6768])]
rules[tensor([ 0.2367,  0.7501,  0.3000,  0.7000]), tensor([ 0.7634,  0.2138,  0.7381,  0.2506,  0.7000,  0.6768])]
auc1.0
random_rules[tensor([ 0.7821,  0.5061,  0.5485,  0.4525]), tensor([ 0.9154,  0.6375,  0.5991,  0.2434,  0.8170,  0.9494])]
rules[tensor([ 0.2053,  0.7887,  0.5485,  0.4525]), tensor([ 0.7221,  0.2707,  0.6512,  0.4509,  0.7000,  0.7000])]
auc1.0
random_rules[tensor([ 0.3403,  0.6968,  0.0688,  0.6333]), tensor([ 0.9530,  0.4828,  0.2965,  0.3028,  0.4497,  0.9813])]
rules[tensor([ 0.2270,  0.7724,  0.3000,  0.6333]), tensor([ 0.5367,  0.6056,  0.4672,  0.5884,  0.4497,  0.7000])]
auc0.625
random_rules[tensor([ 0.4764,  0.8512,  0.5339,  0.8300]), tensor([ 0.5762,  0.1984,  0.8334,  0.5820,  0.3075,  0.4514])]
rules[tensor([ 0.2257,  0.7727,  0.5339,  0.7000]), tensor([ 0.7411,  0.2570,  0.7034,  0.2961,  0.3075,  0.4514])]
auc1.0
random_rules[tensor([ 0.4339,  0.2849,  0.5364,  0.4463]), tensor([ 0.1185,  0.9343,  0.7297,  0.7710,  0.7496,  0.8084])]
rules[tensor([ 0.2212,  0.7684,  0.5364,  0.4463]), tensor([ 0.7395,  0.3136,  0.7201,  0.3352,  0.7000,  0.7000])]
auc0.98
random_rules[tensor([ 0.4435,  0.5044,  0.4066,  0.8103]), tensor([ 0.9977,  0.8011,  0.0350,  0.9318,  0.6683,  0.4037])]
rules[tensor([ 0.2222,  0.7753,  0.4066,  0.7000]), tensor([ 0.7417,  0.2514,  0.7088,  0.2926,  0.6683,  0.4037])]
auc1.0
random_rules[tensor([ 0.5710,  0.8743,  0.8782,  0.6794]), tensor([ 0.6771,  0.8702,  0.0212,  0.6978,  0.3231,  0.1322])]
rules[tensor([ 0.2277,  0.7692,  0.7000,  0.6794]), tensor([ 0.7365,  0.3489,  0.7391,  0.5659,  0.3231,  0.3000])]
auc0.9615384615384616
random_rules[tensor([ 0.9672,  0.5449,  0.9936,  0.4325]), tensor([ 0.2682,  0.8239,  0.1767,  0.9364,  0.9697,  0.0683])]
rules[tensor([ 0.2263,  0.7719,  0.7000,  0.4325]), tensor([ 0.7177,  0.2803,  0.7162,  0.3935,  0.7000,  0.3000])]
auc1.0
random_rules[tensor([ 0.7870,  0.2396,  0.4611,  0.1596]), tensor([ 0.9714,  0.9245,  0.5224,  0.0623,  0.0949,  0.1563])]
rules[tensor([ 0.2450,  0.7468,  0.4611,  0.3000]), tensor([ 0.4926,  0.6765,  0.3853,  0.6768,  0.3000,  0.3000])]
auc0.625
random_rules[tensor([ 0.0144,  0.9390,  0.7665,  0.7283]), tensor([ 0.5376,  0.0532,  0.5232,  0.8532,  0.4114,  0.0080])]
rules[tensor([ 0.2146,  0.7854,  0.7000,  0.7000]), tensor([ 0.7240,  0.2676,  0.7403,  0.4842,  0.4114,  0.3000])]
auc0.9615384615384616
