random_rules[tensor([ 0.8163,  0.2122,  0.8075,  0.6259]), tensor([ 0.6913,  0.5022,  0.4161,  0.7736,  0.9232,  0.3689])]
rules[tensor([ 0.0518,  0.9105,  0.8075,  0.6259]), tensor([ 0.9111,  0.0931,  0.9094,  0.4245,  0.9000,  0.3689])]
auc0.98
random_rules[tensor([ 0.0032,  0.1488,  0.3728,  0.0892]), tensor([ 0.2239,  0.9820,  0.9375,  0.7395,  0.5406,  0.0467])]
rules[tensor([ 0.0588,  0.9084,  0.3728,  0.1000]), tensor([ 0.8995,  0.1139,  0.9183,  0.4817,  0.5406,  0.1000])]
auc0.9615384615384616
random_rules[tensor([ 0.9453,  0.8988,  0.0934,  0.7405]), tensor([ 0.8107,  0.7940,  0.0498,  0.7867,  0.5949,  0.5263])]
rules[tensor([ 0.0417,  0.9119,  0.1000,  0.7405]), tensor([ 0.9004,  0.1293,  0.8615,  0.4416,  0.5949,  0.5263])]
auc0.9444444444444444
random_rules[tensor([ 0.5717,  0.8213,  0.4759,  0.6761]), tensor([ 0.0993,  0.1725,  0.2932,  0.7991,  0.5562,  0.3686])]
rules[tensor([ 0.0246,  0.9360,  0.4759,  0.6761]), tensor([ 0.1492,  0.7761,  0.1297,  0.9011,  0.5562,  0.3686])]
auc0.625
random_rules[tensor([ 0.1606,  0.0293,  0.9437,  0.1435]), tensor([ 0.9741,  0.8541,  0.0852,  0.0771,  0.3185,  0.3658])]
rules[tensor([ 0.0744,  0.9031,  0.9000,  0.1435]), tensor([ 0.9050,  0.0837,  0.7255,  0.2275,  0.3185,  0.3658])]
auc0.98
random_rules[tensor([ 0.8103,  0.6993,  0.3494,  0.4979]), tensor([ 0.1794,  0.7891,  0.7092,  0.8465,  0.5919,  0.7806])]
rules[tensor([ 0.0453,  0.9113,  0.3494,  0.4979]), tensor([ 0.9020,  0.0945,  0.9013,  0.2919,  0.5919,  0.7806])]
auc0.98
random_rules[tensor([ 0.4835,  0.9927,  0.6759,  0.6014]), tensor([ 0.4763,  0.7083,  0.7377,  0.3304,  0.4899,  0.7158])]
rules[tensor([ 0.0500,  0.9200,  0.6759,  0.6014]), tensor([ 0.9117,  0.0486,  0.8822,  0.3792,  0.4899,  0.7158])]
auc1.0
random_rules[tensor([ 0.6871,  0.6013,  0.5679,  0.5834]), tensor([ 0.3460,  0.3862,  0.1831,  0.6354,  0.0686,  0.6613])]
rules[tensor([ 0.0587,  0.9131,  0.5679,  0.5834]), tensor([ 0.9080,  0.0595,  0.9093,  0.1086,  0.1000,  0.6613])]
auc0.9615384615384616
random_rules[tensor([ 0.3889,  0.7501,  0.8188,  0.2717]), tensor([ 0.9787,  0.4797,  0.3254,  0.8181,  0.6609,  0.2875])]
rules[tensor([ 0.0205,  0.9311,  0.8188,  0.2717]), tensor([ 0.9035,  0.0903,  0.8962,  0.2186,  0.6609,  0.2875])]
auc0.98
random_rules[tensor([ 0.0681,  0.2077,  0.3775,  0.9321]), tensor([ 0.6717,  0.1289,  0.5995,  0.9832,  0.2423,  0.3383])]
rules[tensor([ 0.0857,  0.9040,  0.3775,  0.9000]), tensor([ 0.9080,  0.1527,  0.9105,  0.4328,  0.2423,  0.3383])]
auc1.0
