random_rules[tensor([ 0.9550,  0.0109]), tensor([ 0.2351,  0.8784,  0.7766,  0.5414]), tensor([ 0.2010,  0.3679,  0.6937,  0.7077,  0.5019,  0.5890])]
rules[tensor([ 0.0505,  0.9091]), tensor([ 0.2351,  0.8784,  0.7766,  0.5414]), tensor([ 0.9054,  0.0724,  0.8933,  0.3033,  0.9119,  0.0633])]
auc0.984375
random_rules[tensor([ 0.3143,  0.7448]), tensor([ 0.5592,  0.9864,  0.8293,  0.0663]), tensor([ 0.3753,  0.1023,  0.4989,  0.3664,  0.1992,  0.6105])]
rules[tensor([ 0.0228,  0.9445]), tensor([ 0.5592,  0.9000,  0.8293,  0.1000]), tensor([ 0.9017,  0.0961,  0.8212,  0.5888,  0.9077,  0.0889])]
auc0.984375
random_rules[tensor([ 0.5885,  0.7436]), tensor([ 0.8053,  0.3356,  0.4802,  0.9322]), tensor([ 0.1340,  0.7304,  0.7514,  0.6482,  0.9652,  0.9085])]
rules[tensor([ 0.0340,  0.9250]), tensor([ 0.8053,  0.3356,  0.4802,  0.9000]), tensor([ 0.9024,  0.0842,  0.8594,  0.6750,  0.9058,  0.0774])]
auc0.9635416666666667
random_rules[tensor([ 0.6047,  0.7709]), tensor([ 0.3398,  0.6541,  0.6454,  0.7347]), tensor([ 0.6428,  0.6569,  0.0702,  0.0988,  0.6484,  0.2221])]
rules[tensor([ 0.0188,  0.9311]), tensor([ 0.3398,  0.6541,  0.6454,  0.7347]), tensor([ 0.9039,  0.0803,  0.5853,  0.3221,  0.9162,  0.0702])]
auc0.984375
random_rules[tensor([ 0.5524,  0.8096]), tensor([ 0.8362,  0.6954,  0.2475,  0.5380]), tensor([ 0.6640,  0.9945,  0.8162,  0.0600,  0.4997,  0.6059])]
rules[tensor([ 0.0391,  0.9159]), tensor([ 0.8362,  0.6954,  0.2475,  0.5380]), tensor([ 0.7239,  0.8592,  0.4298,  0.7810,  0.7012,  0.8536])]
auc0.625
random_rules[tensor([ 0.6068,  0.7322]), tensor([ 0.6059,  0.8064,  0.8802,  0.5706]), tensor([ 0.9384,  0.1928,  0.0057,  0.1340,  0.8442,  0.5499])]
rules[tensor([ 0.0374,  0.9195]), tensor([ 0.6059,  0.8064,  0.8802,  0.5706]), tensor([ 0.9383,  0.0567,  0.6339,  0.4143,  0.9081,  0.0693])]
auc0.9635416666666667
random_rules[tensor([ 0.6883,  0.2977]), tensor([ 0.6583,  0.8070,  0.2569,  0.4013]), tensor([ 0.3919,  0.8211,  0.2087,  0.2535,  0.8027,  0.7326])]
rules[tensor([ 0.0413,  0.9098]), tensor([ 0.6583,  0.8070,  0.2569,  0.4013]), tensor([ 0.9033,  0.0919,  0.7482,  0.9175,  0.9053,  0.0915])]
auc0.984375
random_rules[tensor([ 0.4939,  0.5896]), tensor([ 0.7877,  0.7010,  0.0017,  0.0849]), tensor([ 0.9558,  0.9614,  0.0501,  0.3210,  0.6531,  0.2399])]
rules[tensor([ 0.0373,  0.9137]), tensor([ 0.7877,  0.7010,  0.1000,  0.1000]), tensor([ 0.9009,  0.1015,  0.5191,  0.5533,  0.8999,  0.1028])]
auc0.984375
random_rules[tensor([ 0.8921,  0.9019]), tensor([ 0.9808,  0.4529,  0.1904,  0.4778]), tensor([ 0.2201,  0.9148,  0.4292,  0.2168,  0.3592,  0.0435])]
rules[tensor([ 0.0287,  0.9205]), tensor([ 0.9000,  0.4529,  0.1904,  0.4778]), tensor([ 0.9026,  0.0866,  0.8299,  0.6115,  0.9025,  0.0892])]
auc0.9429552469135802
random_rules[tensor([ 0.5748,  0.8305]), tensor([ 0.2991,  0.4382,  0.6714,  0.2457]), tensor([ 0.2362,  0.9432,  0.8927,  0.4250,  0.5872,  0.0481])]
rules[tensor([ 0.0267,  0.9229]), tensor([ 0.2991,  0.4382,  0.6714,  0.2457]), tensor([ 0.9049,  0.0664,  0.8795,  0.4638,  0.9087,  0.0723])]
auc0.984375
