random_rules[tensor([ 0.1132,  0.8491]), tensor([ 0.6321,  0.8404,  0.3662,  0.4462]), tensor([ 0.3137,  0.5250,  0.1777,  0.1394,  0.0665,  0.3015])]
rules[tensor([ 0.2294,  0.7706]), tensor([ 0.6321,  0.7000,  0.3662,  0.4462]), tensor([ 0.7094,  0.2751,  0.4899,  0.5204,  0.7116,  0.2773])]
auc0.8742559523809523
random_rules[tensor([ 0.6988,  0.5207]), tensor([ 0.3965,  0.1604,  0.0031,  0.5135]), tensor([ 0.9846,  0.6190,  0.8449,  0.9406,  0.1910,  0.0391])]
rules[tensor([ 0.2150,  0.7714]), tensor([ 0.3965,  0.3000,  0.3000,  0.5135]), tensor([ 0.7334,  0.2301,  0.6112,  0.6245,  0.7327,  0.2302])]
auc0.921875
random_rules[tensor([ 0.8458,  0.0859]), tensor([ 0.4565,  0.2226,  0.9854,  0.9771]), tensor([ 0.9162,  0.3151,  0.7893,  0.1388,  0.0615,  0.0706])]
rules[tensor([ 0.2362,  0.7542]), tensor([ 0.4565,  0.3000,  0.7000,  0.7000]), tensor([ 0.7413,  0.2456,  0.7418,  0.2744,  0.7337,  0.2486])]
auc0.828125
random_rules[tensor([ 0.2783,  0.0274]), tensor([ 0.4356,  0.2327,  0.6121,  0.4872]), tensor([ 0.4396,  0.9501,  0.0419,  0.1419,  0.8244,  0.3453])]
rules[tensor([ 0.2304,  0.7523]), tensor([ 0.4356,  0.3000,  0.6121,  0.4872]), tensor([ 0.7349,  0.2638,  0.5846,  0.5747,  0.7310,  0.2657])]
auc0.859375
random_rules[tensor([ 0.3383,  0.3903]), tensor([ 0.2014,  0.8714,  0.7162,  0.3642]), tensor([ 0.3364,  0.7915,  0.6589,  0.4408,  0.4754,  0.2972])]
rules[tensor([ 0.2327,  0.7611]), tensor([ 0.3000,  0.7000,  0.7000,  0.3642]), tensor([ 0.7270,  0.2628,  0.6054,  0.5963,  0.7248,  0.2655])]
auc0.828125
random_rules[tensor([ 0.2825,  0.7060]), tensor([ 0.5676,  0.5046,  0.4331,  0.0521]), tensor([ 0.7260,  0.4947,  0.9275,  0.6642,  0.0516,  0.2871])]
rules[tensor([ 0.2306,  0.7694]), tensor([ 0.5676,  0.5046,  0.4331,  0.3000]), tensor([ 0.7386,  0.2613,  0.5099,  0.6515,  0.7372,  0.2617])]
auc0.921875
random_rules[tensor([ 0.3262,  0.3487]), tensor([ 0.5967,  0.3217,  0.3605,  0.4060]), tensor([ 0.2042,  0.4245,  0.1661,  0.1370,  0.6101,  0.6621])]
rules[tensor([ 0.1944,  0.7933]), tensor([ 0.5967,  0.3217,  0.3605,  0.4060]), tensor([ 0.7041,  0.2943,  0.6973,  0.4842,  0.7055,  0.2932])]
auc0.859375
random_rules[tensor([ 0.8862,  0.2535]), tensor([ 0.6476,  0.2596,  0.8306,  0.0890]), tensor([ 0.5598,  0.1041,  0.8865,  0.7746,  0.7687,  0.7376])]
rules[tensor([ 0.2106,  0.7838]), tensor([ 0.6476,  0.3000,  0.7000,  0.3000]), tensor([ 0.7427,  0.2522,  0.6768,  0.4483,  0.7433,  0.2506])]
auc0.859375
random_rules[tensor([ 0.6797,  0.8157]), tensor([ 0.4886,  0.7531,  0.8756,  0.8099]), tensor([ 0.7072,  0.2710,  0.4746,  0.5443,  0.1179,  0.5859])]
rules[tensor([ 0.2277,  0.7596]), tensor([ 0.4886,  0.7000,  0.7000,  0.7000]), tensor([ 0.6790,  0.3252,  0.6033,  0.6169,  0.6907,  0.3240])]
auc0.875
random_rules[tensor([ 0.4384,  0.2686]), tensor([ 0.5351,  0.3058,  0.0397,  0.2983]), tensor([ 0.6985,  0.8093,  0.9221,  0.9019,  0.8410,  0.8429])]
rules[tensor([ 0.2330,  0.7452]), tensor([ 0.5351,  0.3058,  0.3000,  0.3000]), tensor([ 0.7275,  0.2708,  0.6993,  0.3297,  0.7260,  0.2708])]
auc0.859375
