random_rules[tensor([ 0.7349,  0.4339]), tensor([ 0.7536,  0.8475,  0.9725,  0.7902,  0.2884,  0.8869,  0.8500,
         0.8309])]
rules[tensor([ 0.0474,  0.9078]), tensor([ 0.0936,  0.9041,  0.0457,  0.9111,  0.0514,  0.9294,  0.0938,
         0.9041])]
auc0.625
random_rules[tensor([ 0.3363,  0.5261]), tensor([ 0.3126,  0.7382,  0.5284,  0.3969,  0.8611,  0.7257,  0.7173,
         0.4215])]
rules[tensor([ 0.0521,  0.9135]), tensor([ 0.9138,  0.4042,  0.0846,  0.9100,  0.2230,  0.9246,  0.9150,
         0.4112])]
auc0.7614583333333333
random_rules[tensor([ 0.9050,  0.1987]), tensor([ 0.0983,  0.3979,  0.5556,  0.8242,  0.0974,  0.5135,  0.5803,
         0.4141])]
rules[tensor([ 0.0651,  0.9062]), tensor([ 0.4428,  0.7500,  0.0576,  0.9181,  0.1035,  0.8967,  0.5031,
         0.8991])]
auc0.125
random_rules[tensor([ 0.3911,  0.3149]), tensor([ 0.5370,  0.8457,  0.0323,  0.6305,  0.5319,  0.4407,  0.2991,
         0.2403])]
rules[tensor([ 0.0440,  0.9107]), tensor([ 0.9106,  0.0652,  0.8249,  0.4352,  0.8393,  0.4114,  0.9117,
         0.0718])]
auc0.9635416666666667
random_rules[tensor([ 0.4642,  0.1548]), tensor([ 0.3598,  0.2040,  0.4344,  0.1948,  0.4109,  0.0218,  0.9396,
         0.0415])]
rules[tensor([ 0.0637,  0.9045]), tensor([ 0.0980,  0.9042,  0.0505,  0.9103,  0.0768,  0.9057,  0.0976,
         0.9048])]
auc0.125
random_rules[tensor([ 0.8683,  0.6997]), tensor([ 0.8788,  0.4168,  0.1214,  0.3897,  0.9181,  0.8763,  0.3593,
         0.5603])]
rules[tensor([ 0.0555,  0.9117]), tensor([ 0.9136,  0.3453,  0.0804,  0.9066,  0.1299,  0.9016,  0.9114,
         0.2984])]
auc0.7614583333333333
random_rules[tensor([ 0.1975,  0.7224]), tensor([ 0.0360,  0.2098,  0.9851,  0.2744,  0.6086,  0.9164,  0.9473,
         0.5265])]
rules[tensor([ 0.0400,  0.9397]), tensor([ 0.7251,  0.4466,  0.1098,  0.9011,  0.0985,  0.9082,  0.9056,
         0.4944])]
auc0.7614583333333333
random_rules[tensor([ 0.5763,  0.1111]), tensor([ 0.1417,  0.7142,  0.5119,  0.3565,  0.6870,  0.6886,  0.9108,
         0.7183])]
rules[tensor([ 0.0513,  0.9065]), tensor([ 0.2559,  0.9308,  0.0442,  0.9145,  0.0522,  0.9203,  0.2412,
         0.9308])]
auc0.625
random_rules[tensor([ 0.3297,  0.4518]), tensor([ 0.0736,  0.1574,  0.3796,  0.4300,  0.4644,  0.1777,  0.9672,
         0.5302])]
rules[tensor([ 0.0341,  0.9168]), tensor([ 0.6400,  0.3683,  0.0721,  0.9072,  0.0771,  0.8096,  0.8598,
         0.5158])]
auc0.8117559523809523
random_rules[tensor([ 0.1717,  0.9785]), tensor([ 0.2701,  0.0684,  0.7490,  0.2102,  0.9674,  0.8958,  0.4968,
         0.0347])]
rules[tensor([ 0.0302,  0.9575]), tensor([ 0.8719,  0.1378,  0.0885,  0.9042,  0.2165,  0.8756,  0.8831,
         0.1339])]
auc0.7490451388888889
