random_rules[tensor([ 0.3188,  0.9368]), tensor([ 0.5758,  0.0482,  0.3513,  0.2048,  0.3694,  0.4182,  0.4811,
         0.9953])]
rules[tensor([-0.0009,  1.0009]), tensor([ 1.0005, -0.0005, -0.0006,  0.8000, -0.0023,  1.0021,  1.0023,
        -0.0026])]
auc0.7664473684210527
random_rules[tensor([ 0.3123,  0.6697]), tensor([ 0.1885,  0.9538,  0.0832,  0.1886,  0.7492,  0.7071,  0.0809,
         0.3184])]
rules[tensor([-0.0006,  1.0005]), tensor([-0.0005,  1.0007, -0.0006,  0.7064, -0.0016,  1.0014, -0.0004,
         0.8895])]
auc0.625
random_rules[tensor([ 0.1976,  0.9009]), tensor([ 0.1684,  0.9950,  0.4312,  0.9224,  0.8416,  0.7706,  0.5376,
         0.5493])]
rules[tensor([-0.0006,  1.0006]), tensor([-0.0020,  1.0029, -0.0007,  1.0006, -0.0017,  1.0010, -0.0012,
         1.0006])]
auc0.625
random_rules[tensor([ 0.4290,  0.9187]), tensor([ 0.0670,  0.8280,  0.1845,  0.1821,  0.9267,  0.0136,  0.8188,
         0.5264])]
rules[tensor([-0.0008,  1.0007]), tensor([ 0.8481,  0.5359, -0.0006,  1.0006, -0.0008,  1.0013,  0.9784,
         0.6659])]
auc0.7555147058823529
random_rules[tensor([ 0.6848,  0.5626]), tensor([ 0.4968,  0.1634,  0.6270,  0.5122,  0.2555,  0.8535,  0.5757,
         0.3165])]
rules[tensor([-0.0016,  1.0013]), tensor([ 0.8796, -0.0006, -0.0017,  1.0011, -0.0055,  1.0047,  1.0003,
        -0.0002])]
auc0.6126012145748987
random_rules[tensor([ 0.9185,  0.4163]), tensor([ 0.2070,  0.1615,  0.7588,  0.1553,  0.9499,  0.4871,  0.1876,
         0.5775])]
rules[tensor([-0.0032,  1.0022]), tensor([ 0.7948, -0.0004,  1.0003, -0.0001,  1.0004, -0.0004,  0.7966,
        -0.0024])]
auc0.5634600614439325
random_rules[tensor([ 0.5855,  0.4713]), tensor([ 0.8637,  0.2937,  0.6242,  0.8621,  0.6545,  0.5130,  0.0153,
         0.7481])]
rules[tensor([-0.0010,  1.0007]), tensor([-0.0016,  1.0010, -0.0011,  1.0008, -0.0011,  1.0007, -0.0004,
         1.0004])]
auc0.625
random_rules[tensor([ 0.4794,  0.0405]), tensor([ 0.3034,  0.6035,  0.7396,  0.4776,  0.5008,  0.9308,  0.0240,
         0.8019])]
rules[tensor([-0.0011,  1.0010]), tensor([-0.0005,  1.0004, -0.0012,  1.0007, -0.0008,  1.0006, -0.0004,
         1.0004])]
auc0.625
random_rules[tensor([ 0.6712,  0.6573]), tensor([ 0.3775,  0.6990,  0.5345,  0.6064,  0.8117,  0.9255,  0.0895,
         0.6983])]
rules[tensor([-0.0010,  1.0008]), tensor([ 1.0014, -0.0016,  1.0026,  0.1090,  1.0021, -0.0028,  1.0014,
        -0.0016])]
auc0.9844298245614035
random_rules[tensor([ 0.6828,  0.1524]), tensor([ 0.8493,  0.4047,  0.9428,  0.8427,  0.2740,  0.0786,  0.8868,
         0.5947])]
rules[tensor([-0.0014,  1.0013]), tensor([ 1.0012, -0.0037, -0.0022,  1.0012, -0.0003,  0.8512,  1.0028,
        -0.0025])]
auc0.6747159090909092
