random_rules[tensor([ 0.2708,  0.8318]), tensor([ 0.2058,  0.6087,  0.9258,  0.3131,  0.2483,  0.0634,  0.6033,
         0.9765])]
rules[tensor([ 0.2229,  0.7771]), tensor([ 0.7141,  0.3447,  0.2886,  0.7084,  0.3043,  0.6965,  0.7149,
         0.3425])]
auc0.5319444444444444
random_rules[tensor([ 0.0576,  0.9326]), tensor([ 0.8345,  0.8233,  0.5755,  0.3605,  0.0618,  0.9104,  0.8328,
         0.4637])]
rules[tensor([ 0.2151,  0.7849]), tensor([ 0.3057,  0.6964,  0.2400,  0.7418,  0.2403,  0.7597,  0.3056,
         0.6971])]
auc0.625
random_rules[tensor([ 0.7927,  0.5515]), tensor([ 0.0813,  0.7145,  0.6310,  0.1659,  0.5498,  0.6136,  0.3472,
         0.4644])]
rules[tensor([ 0.2235,  0.7731]), tensor([ 0.6823,  0.3223,  0.2590,  0.7293,  0.2836,  0.7140,  0.6827,
         0.3218])]
auc0.4732142857142857
random_rules[tensor([ 0.6024,  0.6990]), tensor([ 0.4907,  0.9404,  0.4632,  0.8638,  0.1395,  0.5257,  0.0791,
         0.9211])]
rules[tensor([ 0.2295,  0.7647]), tensor([ 0.2926,  0.7065,  0.2440,  0.7481,  0.2526,  0.7360,  0.2927,
         0.7062])]
auc0.625
random_rules[tensor([ 0.1357,  0.9275]), tensor([ 0.8411,  0.1142,  0.1609,  0.1973,  0.5706,  0.7872,  0.5717,
         0.5409])]
rules[tensor([ 0.2178,  0.7822]), tensor([ 0.7318,  0.2465,  0.2223,  0.7646,  0.2404,  0.7523,  0.7310,
         0.2481])]
auc0.6875
random_rules[tensor([ 0.7652,  0.6219]), tensor([ 0.8286,  0.7220,  0.4938,  0.3732,  0.6554,  0.2372,  0.9933,
         0.2483])]
rules[tensor([ 0.2095,  0.7818]), tensor([ 0.6327,  0.3742,  0.2760,  0.7196,  0.2717,  0.7158,  0.6263,
         0.3747])]
auc0.6041666666666667
random_rules[tensor([ 0.6144,  0.0581]), tensor([ 0.4240,  0.1498,  0.2618,  0.8617,  0.5915,  0.0608,  0.3752,
         0.9228])]
rules[tensor([ 0.2074,  0.7838]), tensor([ 0.3475,  0.7022,  0.2320,  0.7680,  0.2324,  0.7627,  0.3563,
         0.6944])]
auc0.625
random_rules[tensor([ 0.3466,  0.7948]), tensor([ 0.5861,  0.3995,  0.8737,  0.2404,  0.2875,  0.9327,  0.6475,
         0.2132])]
rules[tensor([ 0.2118,  0.7878]), tensor([ 0.7504,  0.3786,  0.2586,  0.7290,  0.2585,  0.7409,  0.7502,
         0.3797])]
auc0.6875
random_rules[tensor([ 0.1192,  0.0192]), tensor([ 0.8046,  0.6088,  0.9458,  0.2866,  0.6338,  0.9860,  0.1927,
         0.8642])]
rules[tensor([ 0.2344,  0.7582]), tensor([ 0.5655,  0.5667,  0.2340,  0.7595,  0.2630,  0.7372,  0.5544,
         0.5621])]
auc0.625
random_rules[tensor([ 0.0697,  0.8567]), tensor([ 0.0838,  0.4999,  0.2034,  0.7488,  0.2343,  0.8650,  0.2988,
         0.3361])]
rules[tensor([ 0.2110,  0.7890]), tensor([ 0.7080,  0.2907,  0.2542,  0.7443,  0.2523,  0.7415,  0.7037,
         0.2923])]
auc0.5319444444444444
